1 3 506 295 19 87 -1 -1 -1 0 
1 2 317 185 45 264 -1 -1 -1 0 
1 1 699 176 44 285 -1 -1 -1 0 
2 3 506 293 19 90 -1 -1 -1 0 
2 2 315 180 43 273 -1 -1 -1 0 
2 1 701 178 44 282 -1 -1 -1 0 
3 3 505 292 20 94 -1 -1 -1 0 
3 2 311 176 43 281 -1 -1 -1 0 
3 1 700 176 45 286 -1 -1 -1 0 
4 3 505 291 20 94 -1 -1 -1 0 
4 2 307 170 45 290 -1 -1 -1 0 
4 1 701 178 46 285 -1 -1 -1 0 
5 3 504 294 19 89 -1 -1 -1 0 
5 2 302 166 48 294 -1 -1 -1 0 
5 1 703 174 46 294 -1 -1 -1 0 
6 3 504 294 19 90 -1 -1 -1 0 
6 2 299 162 49 299 -1 -1 -1 0 
6 1 702 173 46 296 -1 -1 -1 0 
7 3 503 291 19 97 -1 -1 -1 0 
7 2 291 160 51 316 -1 -1 -1 0 
7 1 705 179 45 282 -1 -1 -1 0 
8 3 503 291 18 97 -1 -1 -1 0 
8 2 287 163 47 312 -1 -1 -1 0 
8 1 705 170 46 301 -1 -1 -1 0 
9 4 664 267 23 141 -1 -1 -1 0 
9 3 503 289 18 99 -1 -1 -1 0 
9 2 284 163 46 316 -1 -1 -1 0 
9 1 706 169 46 303 -1 -1 -1 0 
10 4 666 266 22 142 -1 -1 -1 0 
10 3 501 281 21 111 -1 -1 -1 0 
10 2 281 166 48 307 -1 -1 -1 0 
10 1 706 161 46 320 -1 -1 -1 0 
11 4 666 267 22 140 -1 -1 -1 0 
11 3 500 285 22 105 -1 -1 -1 0 
11 2 275 156 51 324 -1 -1 -1 0 
11 1 707 157 46 327 -1 -1 -1 0 
12 4 666 269 22 137 -1 -1 -1 0 
12 3 498 284 23 106 -1 -1 -1 0 
12 2 271 146 51 340 -1 -1 -1 0 
12 1 708 155 47 329 -1 -1 -1 0 
13 4 666 267 23 139 -1 -1 -1 0 
13 3 497 287 23 100 -1 -1 -1 0 
13 2 265 147 54 330 -1 -1 -1 0 
13 1 708 155 47 329 -1 -1 -1 0 
14 4 667 269 21 136 -1 -1 -1 0 
14 3 497 287 23 100 -1 -1 -1 0 
14 2 259 145 54 347 -1 -1 -1 0 
14 1 710 149 47 340 -1 -1 -1 0 
15 4 667 270 20 135 -1 -1 -1 0 
15 3 496 287 24 99 -1 -1 -1 0 
15 2 255 147 53 346 -1 -1 -1 0 
15 1 711 141 54 340 -1 -1 -1 0 
16 4 668 273 19 128 -1 -1 -1 0 
16 3 495 284 25 106 -1 -1 -1 0 
16 2 249 138 55 365 -1 -1 -1 0 
16 1 710 133 57 360 -1 -1 -1 0 
17 4 668 269 20 136 -1 -1 -1 0 
17 3 495 278 25 118 -1 -1 -1 0 
17 2 244 142 57 353 -1 -1 -1 0 
17 1 717 136 44 359 -1 -1 -1 0 
18 4 668 272 20 129 -1 -1 -1 0 
18 3 495 280 24 114 -1 -1 -1 0 
18 2 239 138 57 354 -1 -1 -1 0 
18 1 718 140 45 350 -1 -1 -1 0 
19 4 667 275 20 123 -1 -1 -1 0 
19 3 494 278 25 119 -1 -1 -1 0 
19 2 237 129 54 365 -1 -1 -1 0 
19 1 716 135 53 356 -1 -1 -1 0 
20 4 667 275 20 123 -1 -1 -1 0 
20 3 494 275 25 123 -1 -1 -1 0 
20 2 230 132 57 359 -1 -1 -1 0 
20 1 715 127 56 374 -1 -1 -1 0 
21 4 667 275 20 122 -1 -1 -1 0 
21 3 494 278 24 117 -1 -1 -1 0 
21 2 220 134 60 370 -1 -1 -1 0 
21 1 718 128 54 372 -1 -1 -1 0 
22 4 668 271 20 130 -1 -1 -1 0 
22 3 493 273 26 128 -1 -1 -1 0 
22 2 214 140 61 361 -1 -1 -1 0 
22 1 719 126 55 379 -1 -1 -1 0 
23 4 667 271 21 130 -1 -1 -1 0 
23 3 493 277 25 119 -1 -1 -1 0 
23 2 208 132 63 358 -1 -1 -1 0 
23 1 719 127 55 376 -1 -1 -1 0 
24 4 668 269 21 133 -1 -1 -1 0 
24 3 492 277 24 120 -1 -1 -1 0 
24 2 202 131 62 363 -1 -1 -1 0 
24 1 722 134 55 364 -1 -1 -1 0 
25 4 668 269 21 133 -1 -1 -1 0 
25 3 492 277 23 121 -1 -1 -1 0 
25 2 190 115 67 398 -1 -1 -1 0 
25 1 722 131 55 369 -1 -1 -1 0 
26 4 668 269 21 134 -1 -1 -1 0 
26 3 492 275 23 124 -1 -1 -1 0 
26 2 187 87 63 465 -1 -1 -1 0 
26 1 726 116 54 392 -1 -1 -1 0 
27 4 668 270 21 132 -1 -1 -1 0 
27 3 492 277 22 120 -1 -1 -1 0 
27 2 177 90 70 446 -1 -1 -1 0 
27 1 726 114 55 396 -1 -1 -1 0 
28 4 667 272 21 128 -1 -1 -1 0 
28 3 490 277 23 120 -1 -1 -1 0 
28 2 171 95 70 437 -1 -1 -1 0 
28 1 729 113 56 407 -1 -1 -1 0 
29 4 665 268 25 135 -1 -1 -1 0 
29 3 489 276 22 123 -1 -1 -1 0 
29 1 730 124 54 390 -1 -1 -1 0 
30 4 665 268 25 136 -1 -1 -1 0 
30 3 488 274 23 126 -1 -1 -1 0 
30 1 735 101 53 436 -1 -1 -1 0 
31 4 664 265 28 143 -1 -1 -1 0 
31 3 486 275 24 125 -1 -1 -1 0 
31 1 737 106 55 421 -1 -1 -1 0 
32 4 666 267 27 139 -1 -1 -1 0 
32 3 485 276 23 122 -1 -1 -1 0 
32 2 132 73 78 478 -1 -1 -1 0 
32 1 740 97 56 442 -1 -1 -1 0 
33 4 666 270 27 132 -1 -1 -1 0 
33 3 482 280 23 116 -1 -1 -1 0 
33 1 743 103 55 418 -1 -1 -1 0 
34 4 666 269 27 134 -1 -1 -1 0 
34 3 481 280 24 117 -1 -1 -1 0 
34 1 745 105 54 415 -1 -1 -1 0 
35 4 667 270 25 131 -1 -1 -1 0 
35 3 481 265 28 143 -1 -1 -1 0 
35 1 749 102 54 422 -1 -1 -1 0 
36 4 668 270 25 129 -1 -1 -1 0 
36 3 480 267 27 137 -1 -1 -1 0 
36 2 98 62 67 436 -1 -1 -1 0 
36 1 752 97 57 432 -1 -1 -1 0 
37 4 669 273 23 125 -1 -1 -1 0 
37 3 479 267 29 139 -1 -1 -1 0 
37 2 84 52 78 535 -1 -1 -1 0 
37 1 752 57 56 452 -1 -1 -1 0 
38 4 668 268 25 135 -1 -1 -1 0 
38 3 478 269 29 135 -1 -1 -1 0 
38 2 68 55 85 519 -1 -1 -1 0 
38 1 751 78 63 472 -1 -1 -1 0 
39 4 669 271 24 130 -1 -1 -1 0 
39 3 478 270 28 133 -1 -1 -1 0 
39 1 751 86 66 453 -1 -1 -1 0 
40 4 668 268 25 137 -1 -1 -1 0 
40 3 477 268 28 138 -1 -1 -1 0 
40 1 759 48 61 472 -1 -1 -1 0 
41 4 669 268 25 137 -1 -1 -1 0 
41 3 475 266 30 140 -1 -1 -1 0 
41 1 760 37 65 503 -1 -1 -1 0 
42 4 671 271 22 130 -1 -1 -1 0 
42 3 475 266 29 142 -1 -1 -1 0 
42 1 761 14 70 549 -1 -1 -1 0 
43 4 669 266 27 141 -1 -1 -1 0 
43 3 474 265 27 146 -1 -1 -1 0 
43 1 762 3 78 572 -1 -1 -1 0 
44 4 669 267 27 142 -1 -1 -1 0 
44 3 473 262 28 152 -1 -1 -1 0 
45 4 670 268 26 143 -1 -1 -1 0 
45 3 473 266 27 145 -1 -1 -1 0 
46 4 670 270 27 139 -1 -1 -1 0 
46 3 472 269 26 141 -1 -1 -1 0 
47 4 670 264 28 148 -1 -1 -1 0 
47 3 471 273 26 132 -1 -1 -1 0 
47 1 776 6 76 551 -1 -1 -1 0 
48 4 671 268 26 143 -1 -1 -1 0 
48 3 471 269 26 141 -1 -1 -1 0 
48 1 780 9 75 546 -1 -1 -1 0 
49 4 671 262 27 152 -1 -1 -1 0 
49 3 467 261 27 144 -1 -1 -1 0 
49 1 785 0 77 575 -1 -1 -1 0 
50 4 671 262 27 151 -1 -1 -1 0 
50 3 465 261 27 144 -1 -1 -1 0 
50 1 786 0 85 608 -1 -1 -1 0 
51 4 671 262 27 154 -1 -1 -1 0 
51 3 466 269 27 137 -1 -1 -1 0 
51 1 798 1 74 556 -1 -1 -1 0 
52 4 671 259 28 156 -1 -1 -1 0 
52 3 464 268 27 142 -1 -1 -1 0 
52 1 802 0 78 565 -1 -1 -1 0 
53 4 671 261 28 153 -1 -1 -1 0 
53 3 463 276 26 130 -1 -1 -1 0 
53 1 802 25 80 584 -1 -1 -1 0 
54 4 671 257 28 160 -1 -1 -1 0 
54 3 462 275 26 128 -1 -1 -1 0 
54 1 812 0 81 575 -1 -1 -1 0 
55 4 671 257 28 160 -1 -1 -1 0 
55 3 460 266 29 148 -1 -1 -1 0 
56 4 671 256 27 160 -1 -1 -1 0 
56 3 458 259 30 160 -1 -1 -1 0 
57 4 672 258 27 156 -1 -1 -1 0 
57 3 459 261 28 152 -1 -1 -1 0 
58 4 673 258 28 159 -1 -1 -1 0 
58 3 458 262 28 145 -1 -1 -1 0 
59 4 673 255 27 162 -1 -1 -1 0 
59 3 455 260 28 154 -1 -1 -1 0 
59 1 847 0 87 575 -1 -1 -1 0 
60 4 673 253 28 163 -1 -1 -1 0 
60 3 455 266 28 144 -1 -1 -1 0 
60 1 851 0 85 586 -1 -1 -1 0 
61 4 674 252 29 168 -1 -1 -1 0 
61 3 454 270 26 142 -1 -1 -1 0 
62 4 674 252 29 168 -1 -1 -1 0 
62 3 453 270 26 143 -1 -1 -1 0 
63 4 674 252 29 167 -1 -1 -1 0 
63 3 450 260 28 160 -1 -1 -1 0 
64 4 675 253 29 166 -1 -1 -1 0 
64 3 447 263 28 155 -1 -1 -1 0 
65 4 675 256 30 162 -1 -1 -1 0 
65 3 442 254 31 168 -1 -1 -1 0 
66 4 675 251 30 170 -1 -1 -1 0 
66 3 439 247 35 179 -1 -1 -1 0 
67 4 676 251 32 172 -1 -1 -1 0 
67 3 438 252 34 168 -1 -1 -1 0 
68 4 677 251 33 175 -1 -1 -1 0 
68 3 435 249 34 166 -1 -1 -1 0 
69 4 678 254 32 170 -1 -1 -1 0 
69 3 432 249 34 167 -1 -1 -1 0 
70 4 677 250 34 177 -1 -1 -1 0 
70 3 431 249 31 175 -1 -1 -1 0 
71 4 678 244 35 189 -1 -1 -1 0 
71 3 428 235 27 184 -1 -1 -1 0 
72 4 678 238 37 199 -1 -1 -1 0 
72 3 425 229 30 190 -1 -1 -1 0 
73 4 678 238 37 199 -1 -1 -1 0 
73 3 422 231 34 208 -1 -1 -1 0 
74 4 679 241 36 195 -1 -1 -1 0 
74 3 415 228 35 190 -1 -1 -1 0 
75 4 679 239 37 200 -1 -1 -1 0 
75 3 413 232 32 185 -1 -1 -1 0 
76 4 679 237 37 204 -1 -1 -1 0 
76 3 408 224 35 192 -1 -1 -1 0 
77 4 679 233 38 211 -1 -1 -1 0 
77 3 405 223 35 190 -1 -1 -1 0 
78 4 679 224 38 224 -1 -1 -1 0 
78 3 401 219 35 195 -1 -1 -1 0 
79 4 681 227 38 217 -1 -1 -1 0 
79 3 397 226 33 188 -1 -1 -1 0 
80 4 684 231 37 195 -1 -1 -1 0 
80 3 391 218 37 204 -1 -1 -1 0 
81 4 684 224 41 207 -1 -1 -1 0 
81 3 388 217 37 210 -1 -1 -1 0 
82 4 685 226 43 207 -1 -1 -1 0 
82 3 380 210 38 216 -1 -1 -1 0 
83 4 685 220 46 222 -1 -1 -1 0 
83 3 375 205 39 222 -1 -1 -1 0 
84 4 687 218 45 227 -1 -1 -1 0 
84 3 372 205 40 222 -1 -1 -1 0 
85 4 687 192 44 246 -1 -1 -1 0 
85 3 366 196 44 231 -1 -1 -1 0 
86 4 689 215 44 238 -1 -1 -1 0 
86 3 360 191 42 248 -1 -1 -1 0 
87 4 689 191 44 249 -1 -1 -1 0 
87 3 357 194 40 247 -1 -1 -1 0 
88 4 691 188 43 256 -1 -1 -1 0 
88 3 348 186 43 257 -1 -1 -1 0 
89 4 692 182 42 268 -1 -1 -1 0 
89 3 343 181 42 269 -1 -1 -1 0 
90 4 694 181 41 272 -1 -1 -1 0 
90 3 337 182 45 258 -1 -1 -1 0 
91 4 695 174 44 289 -1 -1 -1 0 
91 3 331 180 48 253 -1 -1 -1 0 
92 4 697 176 43 285 -1 -1 -1 0 
92 3 325 180 45 270 -1 -1 -1 0 
93 4 699 176 45 285 -1 -1 -1 0 
93 3 317 170 47 296 -1 -1 -1 0 
94 4 700 177 46 282 -1 -1 -1 0 
94 3 311 162 43 299 -1 -1 -1 0 
95 4 703 170 44 300 -1 -1 -1 0 
95 3 301 161 50 290 -1 -1 -1 0 
96 4 706 173 45 293 -1 -1 -1 0 
96 3 292 166 46 302 -1 -1 -1 0 
97 4 706 162 46 314 -1 -1 -1 0 
97 3 283 156 51 324 -1 -1 -1 0 
98 4 707 155 47 329 -1 -1 -1 0 
98 3 275 149 47 326 -1 -1 -1 0 
99 7 656 282 25 113 -1 -1 -1 0 
99 6 524 295 17 93 -1 -1 -1 0 
99 4 710 149 47 340 -1 -1 -1 0 
99 3 265 147 53 321 -1 -1 -1 0 
100 7 656 284 26 110 -1 -1 -1 0 
100 6 520 304 20 90 -1 -1 -1 0 
100 4 711 139 55 345 -1 -1 -1 0 
100 3 251 140 56 356 -1 -1 -1 0 
101 7 657 294 24 112 -1 -1 -1 0 
101 6 518 302 20 91 -1 -1 -1 0 
101 4 715 133 51 362 -1 -1 -1 0 
101 3 240 135 59 358 -1 -1 -1 0 
102 7 657 294 23 112 -1 -1 -1 0 
102 6 515 293 21 103 -1 -1 -1 0 
102 4 717 132 51 364 -1 -1 -1 0 
102 3 227 131 54 373 -1 -1 -1 0 
103 7 657 279 24 125 -1 -1 -1 0 
103 6 515 295 21 103 -1 -1 -1 0 
103 4 720 130 51 370 -1 -1 -1 0 
103 3 212 127 62 388 -1 -1 -1 0 
104 7 658 279 24 126 -1 -1 -1 0 
104 6 514 293 22 105 -1 -1 -1 0 
104 4 721 132 52 369 -1 -1 -1 0 
104 3 210 144 50 337 -1 -1 -1 0 
105 7 658 278 24 128 -1 -1 -1 0 
105 6 513 292 22 102 -1 -1 -1 0 
105 4 724 134 54 366 -1 -1 -1 0 
105 3 192 127 61 384 -1 -1 -1 0 
106 7 658 279 25 126 -1 -1 -1 0 
106 6 512 291 22 104 -1 -1 -1 0 
106 4 727 123 56 393 -1 -1 -1 0 
106 3 181 122 54 383 -1 -1 -1 0 
107 7 659 280 25 127 -1 -1 -1 0 
107 6 512 286 22 105 -1 -1 -1 0 
107 4 732 101 56 437 -1 -1 -1 0 
107 3 165 113 58 399 -1 -1 -1 0 
108 7 660 281 24 125 -1 -1 -1 0 
108 6 512 296 22 97 -1 -1 -1 0 
108 4 736 79 60 483 -1 -1 -1 0 
108 3 149 120 55 388 -1 -1 -1 0 
109 7 659 280 25 126 -1 -1 -1 0 
109 6 511 289 24 107 -1 -1 -1 0 
109 4 742 83 58 460 -1 -1 -1 0 
110 7 659 281 22 114 -1 -1 -1 0 
110 6 509 283 23 113 -1 -1 -1 0 
110 4 749 92 59 442 -1 -1 -1 0 
111 7 659 281 22 114 -1 -1 -1 0 
111 6 509 282 22 116 -1 -1 -1 0 
111 4 752 46 62 475 -1 -1 -1 0 
112 7 658 280 23 116 -1 -1 -1 0 
112 6 508 282 21 117 -1 -1 -1 0 
112 4 756 50 64 469 -1 -1 -1 0 
112 3 63 55 66 472 -1 -1 -1 0 
113 7 659 278 23 119 -1 -1 -1 0 
113 6 508 281 20 117 -1 -1 -1 0 
113 4 760 27 68 525 -1 -1 -1 0 
113 3 35 70 78 481 -1 -1 -1 0 
114 7 660 284 25 108 -1 -1 -1 0 
114 6 507 281 20 120 -1 -1 -1 0 
114 4 763 10 80 562 -1 -1 -1 0 
114 3 4 45 71 531 -1 -1 -1 0 
115 7 660 285 24 107 -1 -1 -1 0 
115 6 507 284 20 114 -1 -1 -1 0 
115 4 771 13 75 536 -1 -1 -1 0 
116 7 660 285 24 106 -1 -1 -1 0 
116 6 504 279 21 123 -1 -1 -1 0 
116 4 781 17 74 530 -1 -1 -1 0 
117 7 661 288 24 100 -1 -1 -1 0 
117 6 502 278 21 125 -1 -1 -1 0 
117 4 789 0 79 559 -1 -1 -1 0 
118 7 661 287 24 102 -1 -1 -1 0 
118 6 501 275 21 131 -1 -1 -1 0 
118 4 798 7 76 544 -1 -1 -1 0 
119 7 662 287 23 103 -1 -1 -1 0 
119 6 494 269 27 150 -1 -1 -1 0 
119 4 807 11 80 543 -1 -1 -1 0 
120 7 662 285 24 106 -1 -1 -1 0 
120 6 494 275 25 128 -1 -1 -1 0 
121 7 662 284 24 108 -1 -1 -1 0 
121 6 493 281 23 137 -1 -1 -1 0 
122 7 663 285 23 107 -1 -1 -1 0 
122 6 492 276 25 139 -1 -1 -1 0 
123 7 663 284 24 108 -1 -1 -1 0 
123 6 492 276 25 137 -1 -1 -1 0 
124 7 664 283 24 110 -1 -1 -1 0 
124 6 491 269 27 145 -1 -1 -1 0 
125 7 664 280 24 115 -1 -1 -1 0 
125 6 489 273 25 133 -1 -1 -1 0 
126 7 664 278 24 118 -1 -1 -1 0 
126 6 488 271 25 138 -1 -1 -1 0 
127 7 665 275 24 125 -1 -1 -1 0 
127 6 485 274 26 133 -1 -1 -1 0 
128 7 666 270 24 135 -1 -1 -1 0 
128 6 482 271 25 142 -1 -1 -1 0 
129 7 667 266 24 142 -1 -1 -1 0 
129 6 481 267 26 151 -1 -1 -1 0 
130 7 667 262 25 149 -1 -1 -1 0 
130 6 477 261 32 156 -1 -1 -1 0 
131 7 668 263 25 147 -1 -1 -1 0 
131 6 474 259 34 162 -1 -1 -1 0 
132 7 668 263 25 148 -1 -1 -1 0 
132 6 477 265 28 147 -1 -1 -1 0 
133 7 668 264 25 146 -1 -1 -1 0 
133 6 475 258 30 162 -1 -1 -1 0 
134 7 668 263 26 147 -1 -1 -1 0 
134 6 473 255 31 167 -1 -1 -1 0 
135 7 668 261 26 152 -1 -1 -1 0 
135 6 472 256 30 166 -1 -1 -1 0 
136 7 667 260 30 161 -1 -1 -1 0 
136 6 468 256 28 168 -1 -1 -1 0 
137 7 668 260 30 156 -1 -1 -1 0 
137 6 466 261 28 158 -1 -1 -1 0 
138 7 668 258 30 170 -1 -1 -1 0 
138 6 464 254 30 169 -1 -1 -1 0 
139 7 668 254 30 170 -1 -1 -1 0 
139 6 463 255 30 164 -1 -1 -1 0 
140 7 668 253 30 173 -1 -1 -1 0 
140 6 460 260 31 167 -1 -1 -1 0 
141 7 668 251 30 177 -1 -1 -1 0 
141 6 458 257 33 167 -1 -1 -1 0 
142 7 668 254 30 171 -1 -1 -1 0 
142 6 456 253 34 176 -1 -1 -1 0 
143 7 669 252 30 174 -1 -1 -1 0 
143 6 454 256 33 171 -1 -1 -1 0 
144 7 668 253 30 169 -1 -1 -1 0 
144 6 453 254 28 168 -1 -1 -1 0 
145 7 670 255 29 168 -1 -1 -1 0 
145 6 448 245 32 186 -1 -1 -1 0 
146 7 670 255 29 166 -1 -1 -1 0 
146 6 444 251 33 182 -1 -1 -1 0 
147 7 671 255 29 167 -1 -1 -1 0 
147 6 441 249 34 183 -1 -1 -1 0 
148 7 672 249 29 171 -1 -1 -1 0 
148 6 438 243 37 190 -1 -1 -1 0 
149 7 679 262 25 147 -1 -1 -1 0 
149 6 435 239 38 194 -1 -1 -1 0 
150 7 680 258 26 156 -1 -1 -1 0 
150 6 432 237 38 196 -1 -1 -1 0 
151 7 681 260 25 153 -1 -1 -1 0 
151 6 429 236 37 199 -1 -1 -1 0 
152 7 680 259 27 155 -1 -1 -1 0 
152 6 423 231 40 217 -1 -1 -1 0 
153 7 679 249 32 179 -1 -1 -1 0 
153 6 422 229 40 221 -1 -1 -1 0 
154 7 679 241 34 193 -1 -1 -1 0 
154 6 420 233 38 216 -1 -1 -1 0 
155 7 678 242 35 192 -1 -1 -1 0 
155 6 416 230 38 217 -1 -1 -1 0 
156 7 679 240 35 196 -1 -1 -1 0 
156 6 414 233 35 219 -1 -1 -1 0 
157 7 680 236 35 206 -1 -1 -1 0 
157 6 411 232 35 215 -1 -1 -1 0 
158 7 680 235 35 210 -1 -1 -1 0 
158 6 405 229 40 218 -1 -1 -1 0 
159 7 680 232 37 212 -1 -1 -1 0 
159 6 403 231 42 212 -1 -1 -1 0 
160 7 680 226 38 222 -1 -1 -1 0 
160 6 399 228 43 213 -1 -1 -1 0 
161 7 681 228 38 215 -1 -1 -1 0 
161 6 394 228 40 218 -1 -1 -1 0 
162 7 688 210 29 224 -1 -1 -1 0 
162 6 388 207 42 220 -1 -1 -1 0 
163 7 687 206 30 231 -1 -1 -1 0 
163 6 385 223 43 241 -1 -1 -1 0 
164 7 687 207 38 219 -1 -1 -1 0 
164 6 382 224 39 236 -1 -1 -1 0 
165 7 688 204 37 224 -1 -1 -1 0 
165 6 376 223 40 240 -1 -1 -1 0 
166 7 688 199 40 232 -1 -1 -1 0 
166 6 373 230 41 229 -1 -1 -1 0 
167 7 689 195 41 240 -1 -1 -1 0 
167 6 367 216 46 244 -1 -1 -1 0 
168 7 691 195 40 243 -1 -1 -1 0 
168 6 361 220 44 234 -1 -1 -1 0 
169 7 692 192 39 249 -1 -1 -1 0 
170 7 693 188 39 256 -1 -1 -1 0 
171 7 694 183 40 269 -1 -1 -1 0 
172 7 694 181 41 274 -1 -1 -1 0 
172 6 332 211 52 249 -1 -1 -1 0 
173 7 697 178 42 285 -1 -1 -1 0 
173 6 329 183 46 259 -1 -1 -1 0 
174 7 697 175 44 290 -1 -1 -1 0 
174 6 322 178 46 279 -1 -1 -1 0 
175 7 698 172 48 298 -1 -1 -1 0 
175 6 314 174 50 287 -1 -1 -1 0 
176 7 699 177 49 290 -1 -1 -1 0 
176 6 304 175 52 283 -1 -1 -1 0 
177 7 701 170 47 304 -1 -1 -1 0 
177 6 297 173 55 277 -1 -1 -1 0 
178 7 705 168 47 307 -1 -1 -1 0 
178 6 288 195 57 303 -1 -1 -1 0 
179 7 705 158 48 327 -1 -1 -1 0 
179 6 281 164 51 311 -1 -1 -1 0 
180 7 708 156 49 331 -1 -1 -1 0 
180 6 269 150 58 332 -1 -1 -1 0 
181 7 711 142 54 337 -1 -1 -1 0 
181 6 257 137 62 347 -1 -1 -1 0 
182 9 505 289 25 116 -1 -1 -1 0 
182 7 711 132 57 361 -1 -1 -1 0 
182 6 252 148 51 342 -1 -1 -1 0 
183 9 505 284 23 114 -1 -1 -1 0 
183 7 714 126 55 378 -1 -1 -1 0 
183 6 240 151 50 327 -1 -1 -1 0 
184 9 501 290 26 110 -1 -1 -1 0 
184 7 716 128 55 372 -1 -1 -1 0 
184 6 221 135 64 368 -1 -1 -1 0 
185 9 503 286 22 135 -1 -1 -1 0 
185 7 719 124 56 386 -1 -1 -1 0 
185 6 213 138 61 365 -1 -1 -1 0 
186 9 501 283 23 137 -1 -1 -1 0 
186 7 723 132 53 374 -1 -1 -1 0 
186 6 197 120 65 383 -1 -1 -1 0 
187 9 498 283 24 133 -1 -1 -1 0 
187 7 725 131 55 376 -1 -1 -1 0 
187 6 189 128 64 376 -1 -1 -1 0 
188 9 498 283 23 132 -1 -1 -1 0 
188 7 729 121 54 402 -1 -1 -1 0 
188 6 173 111 59 341 -1 -1 -1 0 
189 9 497 284 24 131 -1 -1 -1 0 
189 7 735 97 54 447 -1 -1 -1 0 
189 6 155 110 66 416 -1 -1 -1 0 
190 9 493 286 24 122 -1 -1 -1 0 
190 7 738 76 59 490 -1 -1 -1 0 
190 6 136 89 62 382 -1 -1 -1 0 
191 9 492 296 24 106 -1 -1 -1 0 
191 7 746 93 53 441 -1 -1 -1 0 
191 6 117 86 71 464 -1 -1 -1 0 
192 9 492 287 24 123 -1 -1 -1 0 
192 7 751 92 58 442 -1 -1 -1 0 
192 6 92 65 79 509 -1 -1 -1 0 
193 9 488 284 25 127 -1 -1 -1 0 
193 7 753 83 61 461 -1 -1 -1 0 
193 6 78 64 65 436 -1 -1 -1 0 
194 9 488 284 24 136 -1 -1 -1 0 
194 7 761 88 59 455 -1 -1 -1 0 
194 6 48 31 87 572 -1 -1 -1 0 
195 9 484 287 23 122 -1 -1 -1 0 
195 7 764 23 68 534 -1 -1 -1 0 
195 6 25 44 75 489 -1 -1 -1 0 
196 9 482 286 24 127 -1 -1 -1 0 
196 7 769 50 65 522 -1 -1 -1 0 
197 10 663 263 29 137 -1 -1 -1 0 
197 9 480 280 26 135 -1 -1 -1 0 
197 7 777 43 68 538 -1 -1 -1 0 
198 10 663 260 29 141 -1 -1 -1 0 
198 9 478 282 26 130 -1 -1 -1 0 
198 7 783 16 72 535 -1 -1 -1 0 
199 10 663 261 30 143 -1 -1 -1 0 
199 9 481 281 23 139 -1 -1 -1 0 
199 7 786 0 93 621 -1 -1 -1 0 
200 10 663 269 28 133 -1 -1 -1 0 
200 9 476 276 28 144 -1 -1 -1 0 
200 7 803 0 79 570 -1 -1 -1 0 
201 10 663 267 29 135 -1 -1 -1 0 
201 9 475 275 28 144 -1 -1 -1 0 
201 7 812 0 83 577 -1 -1 -1 0 
202 10 663 266 29 135 -1 -1 -1 0 
202 9 472 260 31 161 -1 -1 -1 0 
203 10 664 264 29 136 -1 -1 -1 0 
203 9 469 260 32 157 -1 -1 -1 0 
204 10 665 259 29 144 -1 -1 -1 0 
204 9 468 256 28 169 -1 -1 -1 0 
205 10 667 257 29 151 -1 -1 -1 0 
205 9 468 260 24 154 -1 -1 -1 0 
206 10 668 256 29 154 -1 -1 -1 0 
206 9 463 248 31 178 -1 -1 -1 0 
207 10 667 256 30 156 -1 -1 -1 0 
207 9 464 271 27 159 -1 -1 -1 0 
208 10 668 254 29 158 -1 -1 -1 0 
208 9 458 271 28 155 -1 -1 -1 0 
209 10 668 251 29 160 -1 -1 -1 0 
209 9 457 266 29 162 -1 -1 -1 0 
210 10 668 252 29 159 -1 -1 -1 0 
210 9 453 257 33 176 -1 -1 -1 0 
211 10 669 252 29 162 -1 -1 -1 0 
211 9 453 260 31 173 -1 -1 -1 0 
212 10 670 246 30 174 -1 -1 -1 0 
212 9 448 254 31 184 -1 -1 -1 0 
213 10 669 245 31 177 -1 -1 -1 0 
213 9 445 249 32 195 -1 -1 -1 0 
214 10 670 247 30 176 -1 -1 -1 0 
214 9 443 256 32 183 -1 -1 -1 0 
215 10 671 248 30 169 -1 -1 -1 0 
215 9 441 252 34 183 -1 -1 -1 0 
216 10 670 245 31 173 -1 -1 -1 0 
216 9 438 246 37 192 -1 -1 -1 0 
217 10 671 239 34 182 -1 -1 -1 0 
217 9 436 243 38 191 -1 -1 -1 0 
218 10 675 235 32 177 -1 -1 -1 0 
218 9 433 240 40 198 -1 -1 -1 0 
219 10 678 240 30 168 -1 -1 -1 0 
219 9 429 239 36 201 -1 -1 -1 0 
220 10 676 239 31 174 -1 -1 -1 0 
220 9 426 240 36 201 -1 -1 -1 0 
221 10 674 241 36 183 -1 -1 -1 0 
221 9 423 234 36 222 -1 -1 -1 0 
222 10 678 231 32 187 -1 -1 -1 0 
222 9 421 232 38 227 -1 -1 -1 0 
223 10 678 241 36 187 -1 -1 -1 0 
223 9 417 232 38 224 -1 -1 -1 0 
224 10 677 240 37 190 -1 -1 -1 0 
224 9 413 228 39 235 -1 -1 -1 0 
225 10 677 239 37 192 -1 -1 -1 0 
225 9 410 231 37 230 -1 -1 -1 0 
226 10 676 241 38 186 -1 -1 -1 0 
226 9 404 226 42 233 -1 -1 -1 0 
227 10 683 223 29 202 -1 -1 -1 0 
227 9 401 226 44 232 -1 -1 -1 0 
228 10 682 217 32 210 -1 -1 -1 0 
228 9 397 222 46 237 -1 -1 -1 0 
229 10 685 217 30 211 -1 -1 -1 0 
229 9 396 224 41 232 -1 -1 -1 0 
230 10 688 213 33 210 -1 -1 -1 0 
230 9 391 221 40 246 -1 -1 -1 0 
231 10 688 208 35 218 -1 -1 -1 0 
231 9 390 224 39 244 -1 -1 -1 0 
232 10 688 205 37 222 -1 -1 -1 0 
232 9 382 215 43 254 -1 -1 -1 0 
233 10 687 198 41 234 -1 -1 -1 0 
233 9 378 212 40 264 -1 -1 -1 0 
234 10 689 195 40 240 -1 -1 -1 0 
234 9 371 215 44 253 -1 -1 -1 0 
235 10 688 192 42 246 -1 -1 -1 0 
235 9 364 210 49 258 -1 -1 -1 0 
236 10 691 193 40 245 -1 -1 -1 0 
236 9 356 200 47 289 -1 -1 -1 0 
237 10 690 193 42 247 -1 -1 -1 0 
237 9 352 204 47 284 -1 -1 -1 0 
238 10 692 192 41 249 -1 -1 -1 0 
238 9 346 184 46 267 -1 -1 -1 0 
239 10 692 188 41 257 -1 -1 -1 0 
239 9 341 195 44 293 -1 -1 -1 0 
240 10 693 188 41 259 -1 -1 -1 0 
240 9 335 195 48 288 -1 -1 -1 0 
241 10 696 184 41 269 -1 -1 -1 0 
241 9 328 175 52 273 -1 -1 -1 0 
242 10 697 187 41 264 -1 -1 -1 0 
242 9 320 197 53 298 -1 -1 -1 0 
243 10 699 181 42 273 -1 -1 -1 0 
243 9 311 172 52 295 -1 -1 -1 0 
244 10 701 183 44 272 -1 -1 -1 0 
244 9 305 166 48 299 -1 -1 -1 0 
245 10 703 179 44 282 -1 -1 -1 0 
245 9 297 161 51 294 -1 -1 -1 0 
246 10 705 188 44 266 -1 -1 -1 0 
246 9 289 156 51 322 -1 -1 -1 0 
247 10 706 172 45 295 -1 -1 -1 0 
247 9 282 152 53 334 -1 -1 -1 0 
248 10 706 163 48 313 -1 -1 -1 0 
248 9 274 153 51 328 -1 -1 -1 0 
249 10 709 163 48 311 -1 -1 -1 0 
249 9 265 144 54 331 -1 -1 -1 0 
250 10 712 139 53 340 -1 -1 -1 0 
250 9 252 143 58 351 -1 -1 -1 0 
251 10 714 127 53 366 -1 -1 -1 0 
251 9 243 151 59 331 -1 -1 -1 0 
252 10 718 137 51 350 -1 -1 -1 0 
253 10 721 133 51 363 -1 -1 -1 0 
254 10 722 132 51 368 -1 -1 -1 0 
255 10 726 138 52 358 -1 -1 -1 0 
256 10 729 105 56 370 -1 -1 -1 0 
257 10 733 97 54 384 -1 -1 -1 0 
258 10 738 106 54 427 -1 -1 -1 0 
259 10 741 89 62 446 -1 -1 -1 0 
260 10 749 91 60 441 -1 -1 -1 0 
261 10 751 81 65 467 -1 -1 -1 0 
262 10 755 29 70 512 -1 -1 -1 0 
263 10 759 11 75 556 -1 -1 -1 0 
267 10 788 0 84 605 -1 -1 -1 0 
273 13 472 267 32 143 -1 -1 -1 0 
274 13 473 255 31 163 -1 -1 -1 0 
275 13 471 258 30 157 -1 -1 -1 0 
276 13 470 262 29 151 -1 -1 -1 0 
277 13 468 267 25 143 -1 -1 -1 0 
278 13 466 255 29 166 -1 -1 -1 0 
279 13 460 249 37 176 -1 -1 -1 0 
279 12 667 260 33 158 -1 -1 -1 0 
280 13 457 251 38 172 -1 -1 -1 0 
280 12 667 258 34 163 -1 -1 -1 0 
281 13 454 265 34 156 -1 -1 -1 0 
281 12 667 250 34 177 -1 -1 -1 0 
282 13 454 264 34 160 -1 -1 -1 0 
282 12 668 252 33 176 -1 -1 -1 0 
283 13 453 275 32 146 -1 -1 -1 0 
283 12 667 247 34 185 -1 -1 -1 0 
284 13 451 253 32 166 -1 -1 -1 0 
284 12 668 243 34 196 -1 -1 -1 0 
285 12 668 245 35 191 -1 -1 -1 0 
286 12 669 248 34 185 -1 -1 -1 0 
287 12 671 256 32 167 -1 -1 -1 0 
288 12 670 250 33 179 -1 -1 -1 0 
289 12 671 241 34 193 -1 -1 -1 0 
290 12 671 235 35 172 -1 -1 -1 0 
291 12 672 237 35 169 -1 -1 -1 0 
293 13 422 244 38 189 -1 -1 -1 0 
294 13 419 244 39 187 -1 -1 -1 0 
295 13 417 241 38 195 -1 -1 -1 0 
296 13 414 238 35 205 -1 -1 -1 0 
297 13 409 246 37 196 -1 -1 -1 0 
298 13 403 234 41 209 -1 -1 -1 0 
298 12 685 223 43 224 -1 -1 -1 0 
299 12 684 216 45 237 -1 -1 -1 0 
300 12 682 203 39 226 -1 -1 -1 0 
301 12 685 208 38 220 -1 -1 -1 0 
302 12 685 205 39 220 -1 -1 -1 0 
303 12 685 220 45 234 -1 -1 -1 0 
304 13 376 222 44 244 -1 -1 -1 0 
304 12 683 204 44 220 -1 -1 -1 0 
305 13 371 216 46 253 -1 -1 -1 0 
305 12 684 222 49 230 -1 -1 -1 0 
306 13 367 214 48 258 -1 -1 -1 0 
306 12 684 223 49 231 -1 -1 -1 0 
307 13 362 213 49 244 -1 -1 -1 0 
310 12 687 212 47 258 -1 -1 -1 0 
311 12 688 208 47 267 -1 -1 -1 0 
312 12 688 205 48 273 -1 -1 -1 0 
313 13 330 195 51 291 -1 -1 -1 0 
313 12 689 194 50 297 -1 -1 -1 0 
314 13 329 209 51 263 -1 -1 -1 0 
314 12 690 197 48 293 -1 -1 -1 0 
315 13 322 188 52 317 -1 -1 -1 0 
315 12 691 191 49 306 -1 -1 -1 0 
316 13 319 183 52 330 -1 -1 -1 0 
316 12 692 189 50 310 -1 -1 -1 0 
317 13 317 185 52 322 -1 -1 -1 0 
317 12 695 170 50 296 -1 -1 -1 0 
318 13 308 163 51 314 -1 -1 -1 0 
318 12 696 167 50 301 -1 -1 -1 0 
319 13 309 185 48 313 -1 -1 -1 0 
319 12 697 169 50 298 -1 -1 -1 0 
320 13 304 181 51 318 -1 -1 -1 0 
320 12 697 184 53 324 -1 -1 -1 0 
321 13 297 177 56 325 -1 -1 -1 0 
321 12 698 182 52 330 -1 -1 -1 0 
322 13 297 177 55 323 -1 -1 -1 0 
322 12 699 185 51 325 -1 -1 -1 0 
323 13 286 171 53 352 -1 -1 -1 0 
323 12 699 185 52 327 -1 -1 -1 0 
324 13 283 165 54 366 -1 -1 -1 0 
324 12 699 177 54 345 -1 -1 -1 0 
325 13 277 157 58 368 -1 -1 -1 0 
325 12 702 155 49 329 -1 -1 -1 0 
326 13 274 131 54 366 -1 -1 -1 0 
326 12 702 154 50 330 -1 -1 -1 0 
327 13 267 148 55 339 -1 -1 -1 0 
327 12 701 147 53 347 -1 -1 -1 0 
328 13 262 142 59 350 -1 -1 -1 0 
328 12 702 151 54 338 -1 -1 -1 0 
329 12 701 143 60 353 -1 -1 -1 0 
333 13 243 134 54 358 -1 -1 -1 0 
334 13 239 142 52 342 -1 -1 -1 0 
334 12 710 137 59 352 -1 -1 -1 0 
335 12 712 133 57 360 -1 -1 -1 0 
336 12 713 138 56 351 -1 -1 -1 0 
337 12 715 133 56 364 -1 -1 -1 0 
338 12 720 131 51 360 -1 -1 -1 0 
339 13 205 102 59 426 -1 -1 -1 0 
339 12 720 133 54 356 -1 -1 -1 0 
340 12 721 121 55 379 -1 -1 -1 0 
341 12 721 120 57 381 -1 -1 -1 0 
342 12 722 144 62 393 -1 -1 -1 0 
343 12 723 116 61 394 -1 -1 -1 0 
344 13 165 89 63 450 -1 -1 -1 0 
344 12 726 124 61 386 -1 -1 -1 0 
345 13 155 58 70 531 -1 -1 -1 0 
345 12 725 117 64 402 -1 -1 -1 0 
346 13 149 50 70 544 -1 -1 -1 0 
346 12 727 117 63 403 -1 -1 -1 0 
347 13 142 74 67 482 -1 -1 -1 0 
347 12 729 102 66 430 -1 -1 -1 0 
348 12 733 90 65 453 -1 -1 -1 0 
349 12 733 84 71 455 -1 -1 -1 0 
350 12 738 84 69 455 -1 -1 -1 0 
351 12 739 79 69 465 -1 -1 -1 0 
352 13 89 22 72 537 -1 -1 -1 0 
352 12 743 74 72 476 -1 -1 -1 0 
353 13 83 20 69 532 -1 -1 -1 0 
353 12 742 39 71 481 -1 -1 -1 0 
354 13 72 56 68 511 -1 -1 -1 0 
354 12 743 37 69 486 -1 -1 -1 0 
355 13 57 30 80 522 -1 -1 -1 0 
355 12 742 31 75 498 -1 -1 -1 0 
356 13 43 35 93 562 -1 -1 -1 0 
356 12 746 34 72 493 -1 -1 -1 0 
357 13 27 52 85 521 -1 -1 -1 0 
357 12 746 22 82 525 -1 -1 -1 0 
358 13 21 12 82 619 -1 -1 -1 0 
358 12 754 38 78 498 -1 -1 -1 0 
359 13 3 26 70 571 -1 -1 -1 0 
359 12 759 35 78 505 -1 -1 -1 0 
361 12 767 16 74 524 -1 -1 -1 0 
362 12 767 0 79 511 -1 -1 -1 0 
363 12 768 0 81 513 -1 -1 -1 0 
364 12 771 0 83 533 -1 -1 -1 0 
365 12 778 0 84 545 -1 -1 -1 0 
366 12 786 0 83 563 -1 -1 -1 0 
369 12 805 0 82 567 -1 -1 -1 0 
