-3.410694930604195818e+00 -9.453027505885769344e-01 2.090651901645296462e+01 1.000000000000000000e+00
2.952105093974965122e+00 -5.824522021308179420e-01 1.722450310495984382e+01 1.000000000000000000e+00
2.575935763208741403e+00 -1.486908911170187197e+00 3.082384345467436759e+01 1.000000000000000000e+00
-4.739469561851637813e+00 -2.406849077618324895e+00 3.901846666144208342e+01 1.000000000000000000e+00
1.910337417900407786e+00 -2.449247424816184182e+00 4.287405606849722517e+01 1.000000000000000000e+00
-5.471437646937173938e+00 -3.571870111779272161e+00 5.505435465242353388e+01 1.000000000000000000e+00
1.317238913420293089e+00 -3.381592410909044055e+00 5.589084559861958468e+01 1.000000000000000000e+00
-5.313649012313605979e+00 -3.970910553845170998e+00 6.407518352003343409e+01 1.000000000000000000e+00
1.204917097182278019e+00 -4.117361135157092455e+00 6.889270321577701850e+01 1.000000000000000000e+00
-5.538866409677930314e+00 -5.434032935802120434e+00 7.981479544039579821e+01 1.000000000000000000e+00
9.082732627244066714e-01 -4.946981563716863484e+00 8.185169783783490516e+01 1.000000000000000000e+00
-5.416670775649457426e+00 -5.426540935836740687e+00 8.627219507514288921e+01 1.000000000000000000e+00
1.176873484680436954e+00 -5.345529552934119799e+00 9.389170804167105189e+01 1.000000000000000000e+00
-5.485157057533429636e+00 -6.636642005647837017e+00 1.028953291181617118e+02 1.000000000000000000e+00
4.955804203534539543e-01 -5.938696966735513172e+00 1.026464395979210735e+02 1.000000000000000000e+00
-5.208860015379855213e+00 -7.666117084484424637e+00 1.170426920363394885e+02 1.000000000000000000e+00
8.459068289734699153e-01 -6.290449392425419006e+00 1.143468131038551405e+02 1.000000000000000000e+00
-4.746667149790427587e+00 -9.317629235800840348e+00 1.381035477508522149e+02 1.000000000000000000e+00
2.821813968389232041e+00 -7.613533285070403167e+00 1.324153519152039848e+02 1.000000000000000000e+00
-2.992236954242288860e+00 -8.256850663414859071e+00 1.321075618555279902e+02 1.000000000000000000e+00
4.561858072103723849e+00 -9.032410895246266946e+00 1.582084359604220651e+02 1.000000000000000000e+00
5.522165798961000682e+00 -1.187248453185122621e+01 1.816105269049470223e+02 1.000000000000000000e+00
-3.186752619082683591e+00 -9.706244360563029971e+00 1.431307036127762160e+02 1.000000000000000000e+00
